kommunismus_BRD: (0.16266246747704816, 0.1445573464769773)
sozialismus_BRD: (0.3120233314255288, 0.23252919024594074)
konservatismus_BRD: (0.29078880995142287, 0.1817532420006192)
liberalismus_BRD: (0.28285792024903766, 0.22318571544562635)
