ervatismus_KR: (0.14285377948186784, 0.09847090215606016)
alismus_KR: (-0.044292746844931764, -0.033871351639597626)
ralismus_KR: (-0.011110372063272544, 0.032461347878148236)
unismus_KR: (0.1604323690668001, 0.14307260613607944)
