unismus_WR: (0.19235520013956306, 0.1553979965673761)
ervatismus_WR: (0.21340188208989636, 0.16271152718813145)
ralismus_WR: (0.1916676708039154, 0.14572959609216188)
alismus_WR: (0.22080018232286186, 0.19017001309673037)
