Config: 1 and sentiment and False and 1000000
Result: (0.41962698, 0.81680185, 0.015721)
0.2854923035038842