Config: 3 and ethic and False and 1000000
Result: (-0.7409432, -0.9632547, 0.9777457836281366)
0.008171774413850573