Config: 3 and patriotism and False and 1000000
Result: (0.45787585, 1.0312085, 0.0099266059018381)
0.03161856975820329