Config: 3 and conspiratorial and False and 1000000
Result: (0.23901662, 0.74749076, 0.06297819827231592)
0.0077924116452535