Config: 1 and conspiratorial and False and 1000000
Result: (0.070123956, 0.2655982, 0.30986790986790985)
0.0029825599326027763