Config: 4 and conspiratorial and False and 1000000
Result: (-0.2450321, -0.8949584, 0.9583527583527583)
0.0037166653076807655