Config: 1 and racist and False and 1000000
Result: (0.27551472, 0.7221573, 0.0594026716317738)
0.04390899552239312