Config: 3 and sentiment and False and 1000000
Result: (0.35409093, 1.2879665, 0.001727684080625257)
0.008767819868193732