Config: 3 and racist and False and 1000000
Result: (0.48466966, 1.1517462, 0.006705059646236117)
0.00826048625840081