Config: 1 and economic and False and 1000000
Result: (-0.048844114, -0.13619857, 0.5996114996114996)
0.003098472423023648