Config: 4 and religious and False and 1000000
Result: (0.34440017, 0.59752405, 0.09880058022472883)
0.0318553211291631