Config: 3 and racist and False and 1000000
Result: (0.115171805, 0.3542423, 0.23761826408885234)
0.010250567860073513