Config: 4 and religious and False and 1000000
Result: (0.16390872, 0.26554185, 0.28662668600749097)
0.032507049242655434