Config: 3 and economic and False and 1000000
Result: (-0.03788337, -0.08510619, 0.5625485625485626)
0.0035100887219111127