Config: 1 and economic and False and 1000000
Result: (0.40869525, 0.78306973, 0.06798756798756798)
0.004050686028268602