Config: 2 and economic and False and 1000000
Result: (0.039708525, 0.13598558, 0.38925934746368185)
0.03020602762699127