Config: 4 and conspiratorial and False and 1000000
Result: (0.06411522, 0.2986806, 0.2873348873348873)
0.0038469411929448446