Config: 2 and False and 1000000
Result: (-0.0692755, -0.48626804, 0.762987012987013)
0.000611604650815328