Config: 2 and economic and False and 1000000
Result: (0.11634916, 0.27699557, 0.2892431098313451)
0.014233457379870945