Config: 1 and religious and False and 1000000
Result: (1.3771718, 1.3218191, 0.000145)
0.226182674103313