Config: 2 and False and 1000000
Result: (-0.07676709, -0.49323976, 0.7792207792207793)
0.0005617995394600762