Config: 3 and sentiment and False and 1000000
Result: (0.7852104, 1.637889, 2.0567667626491154e-05)
0.012105563547876147