Config: 4 and sentiment and False and 1000000
Result: (0.5342258, 1.3890665, 0.00202020202020202)
0.0037836317221323647