Config: 1 and patriotism and False and 1000000
Result: (0.61404157, 1.2909056, 0.0005386770092652446)
0.14559517489539253