Config: 4 and False and 1000000
Result: (0.38319826, 1.2541265, 0.015151515151515152)
0.000546913743019104