Config: 1 and False and 1000000
Result: (0.4096782, 1.3074843, 0.0016865487453722747)
0.04100670231713189