Config: 6 and False and 1000000
Result: (0.25269943, 0.6786497, 0.0844097079391197)
0.03453050514062246