Config: 2 and patriotism and False and 1000000
Result: (0.108490475, 0.3203656, 0.2896270396270396)
0.00046633044878641763