Config: 2 and racist and False and 1000000
Result: (0.12165866, 0.40070105, 0.19743878412609062)
0.03157146672407786