Config: 4 and racist and False and 1000000
Result: (0.16103771, 0.5168117, 0.13515122648249583)
0.03216739780373044