Config: 2 and patriotism and False and 1000000
Result: (0.17551695, 0.39183614, 0.21781160016454135)
0.01476259794500139