Config: 6 and False and 1000000
Result: (0.051067114, 0.11649206, 0.40392192946372513)
0.0689940826760398