Config: 4 and economic and False and 1000000
Result: (0.1878847, 0.6754791, 0.11567599067599067)
0.0005544224050309923