Config: 2 and religious and False and 1000000
Result: (-0.16616231, -0.36057672, 0.7494172494172494)
0.0020340019464492798