Config: 3 and religious and False and 1000000
Result: (0.2273738, 0.48174906, 0.1979020979020979)
0.0037061949570973713