Config: 4 and conspiratorial and False and 1000000
Result: (0.15381819, 0.5864474, 0.15122377622377622)
0.0004915787114037407