Config: 1 and conspiratorial and False and 1000000
Result: (0.2767505, 1.1267054, 0.010101010101010102)
0.0041720548603269795