Config: 1 and sentiment and False and 1000000
Result: (0.5876672, 1.3469082, 0.002874902874902875)
0.003573211563958062