Config: 1 and False and 1000000
Result: (0.34953633, 0.65829718, 0.07769165818701422)
0.07942153950532278