Config: 4 and economic and False and 1000000
Result: (0.12800701, 0.64519954, 0.1101010101010101)
0.0021666977140638566