Config: 1 and ethic and False and 1000000
Result: (0.6758618, 1.221068, 0.006604506604506605)
0.0034461983044942216