Config: 1 and ethic and False and 1000000
Result: (0.05038204, 0.13551396, 0.40264180264180266)
0.003070757720205519