Config: 1 and conspiratorial and False and 1000000
Result: (0.5143633, 1.1017394, 0.001219)
0.2573304086923599