Config: 3 and False and 1000000
Result: (0.18917453, 0.6308167, 0.11600621600621601)
0.008889914684825473