Config: 2 and racist and False and 1000000
Result: (0.05415611, 0.17411967, 0.38024475524475526)
0.00048000878757900665