Config: 3 and ethic and False and 1000000
Result: (0.36136296, 0.8249931, 0.044570135746606336)
0.007189342710706923