Config: 3 and patriotism and False and 1000000
Result: (0.33484095, 0.80238914, 0.04948580830933772)
0.008863164583841959