Config: 4 and patriotism and False and 1000000
Result: (0.5792812, 0.804867, 0.06091686091686092)
0.002867083284589979