Config: 2 and ethic and False and 1000000
Result: (0.35155636, 0.76192373, 0.048815735348243086)
0.03757280548413595