Config: 1 and False and 1000000
Result: (0.3751747, 0.920502, 0.028177704648292883)
0.037882963286505804