Config: 2 and conspiratorial and False and 1000000
Result: (0.14867735, 0.61726266, 0.11981351981351981)
0.003306023809644911