Config: 3 and ethic and False and 1000000
Result: (-0.60027647, -1.1421092, 0.9905982905982906)
0.003028471867243449