Config: 4 and ethic and False and 1000000
Result: (0.17830694, 0.5584061, 0.16433566433566432)
0.0004988886250389947