Config: 3 and racist and False and 1000000
Result: (0.28269637, 0.9489547, 0.017520405291303123)
0.03156282332208422