Config: 3 and patriotism and False and 1000000
Result: (0.40856385, 0.6881105, 0.09642579642579642)
0.0045247211721208365