Config: 3 and patriotism and False and 1000000
Result: (-0.28030103, -0.45966566, 0.8212875359934183)
0.009537437624401516