Config: 4 and religious and False and 1000000
Result: (-0.4778095, -0.93989426, 0.9672105672105672)
0.0017105935679541694