Config: 1 and sentiment and False and 1000000
Result: (0.34130588, 0.847797, 0.012782)
0.2830705104271571