Config: 2 and racist and False and 1000000
Result: (0.041159943, 0.16364731, 0.3689199689199689)
0.0028725759188334148