Config: 2 and conspiratorial and False and 1000000
Result: (0.08806191, 0.39113984, 0.20501634588321896)
0.03366060071521335