Config: 3 and racist and False and 1000000
Result: (0.25733393, 1.0056934, 0.02400932400932401)
0.0029672624667485556