Config: 1 and religious and False and 1000000
Result: (-0.26552063, -0.5677645, 0.888225551538245)
0.03835230257776048