Config: 4 and ethic and False and 1000000
Result: (-0.53776103, -1.045005, 0.9829059829059829)
0.0027801835536956786