Config: 3 and sentiment and False and 1000000
Result: (0.31458813, 1.0074846, 0.012351425664119163)
0.037108201848136055