Config: 2 and ethic and False and 1000000
Result: (0.13924572, 0.46282655, 0.2094988344988345)
0.0005776700046327378