Config: 3 and conspiratorial and False and 1000000
Result: (0.39009658, 1.0497863, 0.008319080300504449)
0.03290845301416185