Config: 3 and False and 1000000
Result: (0.58454037, 1.5298182, 0.00058275058275058275)
0.0013176039192411635