Config: 2 and economic and False and 1000000
Result: (0.03268744, 0.19303048, 0.3685897435897436)
0.000482922461297777