Config: 1 and False and 1000000
Result: (0.43614727, 1.132376, 0.02813852813852814)
0.00041076719760894774