Config: 1 and racist and False and 1000000
Result: (0.49693784, 1.5539852, 0.0002331002331002331)
0.003128917349709405