Config: 2 and False and 1000000
Result: (-0.072031289, -0.5084362, 0.7142857142857143)
0.0003038709693484836