Config: 4 and ethic and False and 1000000
Result: (-0.48849806, -0.8059435, 0.9397824397824398)
0.0021273016929626463