Config: 2 and conspiratorial and False and 1000000
Result: (0.02206663, 0.10085928, 0.4211024269847799)
0.01637291040685442