Config: 1 and religious and False and 1000000
Result: (0.75909877, 1.1015064, 0.013286713286713287)
0.0033268505334854126