Config: 4 and sentiment and False and 1000000
Result: (0.30827594, 1.2295128, 0.0034965034965034965)
0.0005314250787099203