Config: 2 and religious and False and 1000000
Result: (-0.019705474, -0.06899103, 0.5507381507381507)
0.0026029475529988607