Config: 1 and patriotism and False and 1000000
Result: (0.9963696, 1.3853151, 2.4e-05)
0.23965077413452995