Config: 1 and racist and False and 1000000
Result: (0.659963, 1.1797504, 0.000569)
0.28434740953975257