Config: 3 and economic and False and 1000000
Result: (0.11903247, 0.5408547, 0.12599861438870727)
0.03237661010689206