Config: 4 and ethic and False and 1000000
Result: (0.41201994, 0.95657134, 0.016979150880079674)
0.033353432218233746