Config: 2 and conspiratorial and False and 1000000
Result: (0.3128455, 0.758499, 0.049773755656108594)
0.035530446436670096