Config: 4 and patriotism and False and 1000000
Result: (-0.17514, -0.26895896, 0.6915306915306916)
0.0018666175338957044