Config: 4 and racist and False and 1000000
Result: (0.216174, 0.8440515, 0.05143745143745144)
0.0030440909332699246