Config: 2 and racist and False and 1000000
Result: (-0.09921546, -0.5063455, 0.8304584304584305)
0.0024923186169730294