Config: 3 and racist and False and 1000000
Result: (0.51625955, 1.3882773, 0.00035722791140747797)
0.039730109439955814