Config: 2 and ethic and False and 1000000
Result: (0.033141762, 0.088640206, 0.42555045573621425)
0.03936822222338783