Config: 1 and ethic and False and 1000000
Result: (0.051591694, 0.066433735, 0.4464699387300006)
0.03674281160036723