Config: 2 and economic and False and 1000000
Result: (0.029883578, 0.17853154, 0.3707070707070707)
0.002158715393808153