Config: 4 and ethic and False and 1000000
Result: (0.2516817, 0.5897513, 0.10270302452964991)
0.03162262221177419