Config: 3 and patriotism and False and 1000000
Result: (0.3130081, 0.5267069, 0.16254856254856254)
0.002711909876929389