Config: 2 and sentiment and False and 1000000
Result: (-0.05117002, -0.22290316, 0.6474358974358975)
0.0005380958318710327