Config: 4 and patriotism and False and 1000000
Result: (0.2613291, 0.42623183, 0.21041181041181042)
0.003435455560684204