Config: 2 and economic and False and 1000000
Result: (0.25904012, 1.0347974, 0.010343371798480158)
0.028797337942653232