Config: 1 and religious and False and 1000000
Result: (0.6114209, 0.6992526, 0.055178954172762223)
0.1539491264687644