Config: 1 and economic and False and 1000000
Result: (-0.11198932, -0.4742654, 0.8570166933170029)
0.12903178897168902