Config: 2 and patriotism and False and 1000000
Result: (-0.2662731, -0.4794195, 0.8128982128982128)
0.002763800819714864