Config: 3 and conspiratorial and False and 1000000
Result: (0.14795585, 0.6666036, 0.07547792764511031)
0.03437872383329603