Config: 2 and ethic and False and 1000000
Result: (-0.24695486, -0.43394125, 0.7947940947940948)
0.0021616586711671617