Config: 3 and economic and False and 1000000
Result: (-0.22357287, -0.56258315, 0.8558663558663558)
0.0026639644967185127