Config: 4 and racist and False and 1000000
Result: (0.34877065, 0.97584337, 0.039335664335664336)
0.0005028305451075236