Config: 4 and patriotism and False and 1000000
Result: (0.120754026, 0.25566003, 0.29310008876572347)
0.036022513707478845