Config: 3 and sentiment and False and 1000000
Result: (0.6160614, 1.4440057, 0.0017094017094017094)
0.0037170128027598066