Config: 3 and ethic and False and 1000000
Result: (0.603238, 1.392134, 0.0004925415142133408)
0.043766773872905305