Config: 2 and patriotism and False and 1000000
Result: (0.368758, 0.8471482, 0.03185282210050012)
0.031037006311946447