Config: 3 and conspiratorial and False and 1000000
Result: (-0.09635475, -0.3878576, 0.7657342657342657)
0.0029766421185599434