Config: 2 and economic and False and 1000000
Result: (-0.09498662, -0.2776086, 0.6968919968919969)
0.0029506091276804607