Config: 4 and racist and False and 1000000
Result: (0.17923051, 0.5311882, 0.16083916083916083)
0.0035634971327251855