Config: 2 and ethic and False and 1000000
Result: (-0.06251544, -0.122943476, 0.5928515928515928)
0.002584169970618354