Config: 3 and patriotism and False and 1000000
Result: (0.40159804, 0.99838173, 0.013396046677780424)
0.031835980878935924