Config: 2 and sentiment and False and 1000000
Result: (0.08183555, 0.32759047, 0.27195027195027194)
0.0039001563522550794