Config: 6 and False and 1000000
Result: (-0.10081069, -0.15732896, 0.63675166422844443)
0.24839846677250332