Config: 4 and False and 1000000
Result: (0.25823957, 1.1342982, 0.027056277056277056)
0.0005579882197909885