Config: 2 and conspiratorial and False and 1000000
Result: (0.07577358, 0.4852304, 0.1993006993006993)
0.0005304903454250759