Config: 4 and sentiment and False and 1000000
Result: (0.64404655, 1.6912199, 7.77000777000777e-05)
0.0026994626389609446