Config: 1 and ethic and False and 1000000
Result: (0.5815675, 1.1529144, 0.000761)
0.24112784928745692