Config: 4 and economic and False and 1000000
Result: (-0.24834403, -0.53980345, 0.8451437451437451)
0.0035075922807057697