Config: 4 and religious and False and 1000000
Result: (0.23386194, 0.44288498, 0.2108780108780109)
0.0037182162205378214