Config: 1 and racist and False and 1000000
Result: (0.7752862, 1.2176365, 0.0015933498905635129)
0.13179473711384668