Config: 3 and economic and False and 1000000
Result: (0.2458433, 0.74636734, 0.06363636363636363)
0.007300828231705559