Config: 4 and False and 1000000
Result: (0.26850823, 1.4112232, 0.005411255411255411)
0.0006777256064944798