Config: 2 and religious and False and 1000000
Result: (0.039747417, 0.1204582, 0.42103729603729606)
0.0004922262165281508