Config: 4 and religious and False and 1000000
Result: (0.026581913, 0.1258724, 0.40567210567210565)
0.0028337203131781684