Config: 2 and racist and False and 1000000
Result: (0.118708044, 0.34589273, 0.24483751542575072)
0.01606538156668345