Config: 4 and False and 1000000
Result: (0.28409687, 1.2028494, 0.05714285714285714)
0.00015467127164204916