Config: 3 and conspiratorial and False and 1000000
Result: (0.10589859, 0.5903584, 0.13115773115773116)
0.004377577503522237