Config: 4 and sentiment and False and 1000000
Result: (0.25991568, 1.091436, 0.01554001554001554)
0.004607095917065938