Config: 1 and racist and False and 1000000
Result: (1.0505078, 1.3589966, 8.9e-05)
0.2937943649954266