Config: 2 and ethic and False and 1000000
Result: (0.20059279, 0.4955807, 0.16170300287947348)
0.014870333075523377