Config: 2 and racist and False and 1000000
Result: (-0.008002102, -0.024326388, 0.5206975686851848)
0.034840601616435575