Config: 4 and religious and False and 1000000
Result: (0.1838265, 0.49170986, 0.1963869463869464)
0.0005448424816131592