Config: 3 and religious and False and 1000000
Result: (0.5064056, 0.8242973, 0.035695728420186625)
0.033582257098621796