Config: 3 and False and 1000000
Result: (0.15490207, 0.45926636, 0.19316239316239317)
0.009073567390441895