Config: 4 and economic and False and 1000000
Result: (-0.12858625, -0.47796884, 0.8168609168609169)
0.0032982916302151154