Config: 4 and conspiratorial and False and 1000000
Result: (-0.19514768, -0.68001807, 0.9027972027972028)
0.0020397574371761747