Config: 6 and False and 1000000
Result: (0.22407418, 0.553008, 0.13486219662690252)
0.03435550113519033