Config: 1 and patriotism and False and 1000000
Result: (0.47792965, 0.82808036, 0.014469)
0.26275318880875903