Config: 1 and patriotism and False and 1000000
Result: (-0.063947275, -0.11337078, 0.5928900820541687)
0.03072237723403507