Config: 3 and economic and False and 1000000
Result: (0.19307548, 1.0587819, 0.012854792266556973)
0.00988742854860094