Config: 4 and patriotism and False and 1000000
Result: (0.2208308, 0.6492718, 0.12616550116550115)
0.0004958326949013604