Config: 2 and religious and False and 1000000
Result: (0.043949008, 0.08102737, 0.4320346835826712)
0.03234881175888909