Config: 4 and sentiment and False and 1000000
Result: (0.38696927, 1.0193158, 0.011783108532334538)
0.04346610228220622