Config: 1 and religious and False and 1000000
Result: (0.17350474, 0.65554225, 0.10971250971250972)
0.0028218011061350505