Config: 4 and racist and False and 1000000
Result: (0.52426165, 1.226101, 0.0022353807183528546)
0.03250135256184472