Config: 1 and sentiment and False and 1000000
Result: (0.5193297, 1.4783529, 0.0008547008547008547)
0.004380723370446099