Config: 1 and conspiratorial and False and 1000000
Result: (0.7774937, 1.2783868, 0.000146)
0.25276935219764707