Config: 4 and economic and False and 1000000
Result: (0.3109282, 0.80162984, 0.04053995540063651)
0.03001537322998047