Config: 2 and patriotism and False and 1000000
Result: (0.33712193, 0.6959622, 0.06699647102123882)
0.032961647179391644