Config: 2 and religious and False and 1000000
Result: (0.34249687, 0.5850154, 0.10457035224837083)
0.03208671536710527