Config: 1 and ethic and False and 1000000
Result: (0.8917993, 1.1139358, 0.00124)
0.24069583866331312