Config: 1 and patriotism and False and 1000000
Result: (0.36653596, 0.6246311, 0.11763791763791764)
0.0031899215777715048