Config: 2 and False and 1000000
Result: (0.02314832, 0.18436088, 0.3874458874458874)
0.0007764311631520589