Config: 1 and conspiratorial and False and 1000000
Result: (0.08557105, 0.23253985, 0.31190326701162613)
0.0404619535472658