Config: 4 and sentiment and False and 1000000
Result: (0.22937264, 0.6748145, 0.07243066530992227)
0.038914738959736295