Config: 4 and False and 1000000
Result: (0.3043522, 1.1492612, 0.02813852813852814)
0.0005632236931059095