Config: 6 and False and 1000000
Result: (0.23769327, 0.6921823, 0.1341991341991342)
0.000340180860625373