Config: 1 and ethic and False and 1000000
Result: (0.7215743, 1.0241077, 0.007796640923575908)
0.13663821670744153