Config: 1 and economic and False and 1000000
Result: (0.0052919686, 0.026193025, 0.4777436186104917)
0.034939357174767385