Config: 3 and ethic and False and 1000000
Result: (0.15724128, 0.46439973, 0.1975135975135975)
0.004243462416860793