Config: 2 and religious and False and 1000000
Result: (-0.08393976, -0.16552715, 0.6292266556972439)
0.016320715083016288