Config: 3 and religious and False and 1000000
Result: (-0.6884468, -1.1773449, 0.9942410530645824)
0.007419242726431952