Config: 4 and conspiratorial and False and 1000000
Result: (0.07725109, 0.20153353, 0.33529628266470374)
0.03257711761527591