Config: 1 and False and 1000000
Result: (0.51235938, 1.096547, 0.0045773370076775651)
0.3507996804184384