Config: 4 and conspiratorial and False and 1000000
Result: (0.05989398, 0.23624454, 0.3088181168676525)
0.0320187129577001