Config: 3 and False and 1000000
Result: (0.304548, 1.1386651, 0.011033411033411034)
0.009609036379390291