Config: 1 and sentiment and False and 1000000
Result: (0.42996246, 0.8720068, 0.021235214733666748)
0.1546540333165063