Config: 3 and religious and False and 1000000
Result: (0.006876439, 0.029286921, 0.4790986790986791)
0.0024722182088428076