Config: 2 and sentiment and False and 1000000
Result: (0.08682619, 0.27756494, 0.29177293294940354)
0.019051914744906955