Config: 4 and economic and False and 1000000
Result: (-0.14000764, -0.53756654, 0.8764640931823594)
0.033786615199512905