Config: 2 and patriotism and False and 1000000
Result: (-0.14729503, -0.23679475, 0.6645687645687646)
0.001942103041542901