Config: 4 and False and 1000000
Result: (0.22165972, 1.4384114, 0.014285714285714285)
0.0003316988547643026