Config: 3 and racist and False and 1000000
Result: (0.36051401, 1.1682253, 0.006837606837606838)
0.00426508108774821