Config: 4 and ethic and False and 1000000
Result: (-0.0910185, -0.22809274, 0.6658896658896659)
0.0031419020891189577