Config: 3 and religious and False and 1000000
Result: (0.24591224, 0.41991407, 0.19829288358700123)
0.007549058728747897