Config: 3 and ethic and False and 1000000
Result: (0.4451617, 1.0525541, 0.008725021108922038)
0.03094437380631765