Config: 1 and patriotism and False and 1000000
Result: (0.4089223, 0.59819996, 0.1275058275058275)
0.002902525266011556