Config: 2 and False and 1000000
Result: (0.040909998, 0.29607707, 0.35714285714285715)
0.00011237449116177029