Config: 3 and religious and False and 1000000
Result: (0.38834912, 0.61997795, 0.09113641776180476)
0.03140075729952918