Config: 1 and False and 1000000
Result: (0.39654326, 1.0790695, 0.010674619498148909)
0.03898462818728553