Config: 3 and False and 1000000
Result: (0.50900716, 1.4616925, 0.0006993006993006993)
0.0049972607692082725