Config: 3 and sentiment and False and 1000000
Result: (0.38184735, 1.1876419, 0.008391608391608392)
0.004021170602904426