Config: 2 and sentiment and False and 1000000
Result: (-0.020883717, -0.09330027, 0.57000777000777)
0.003011631965637207