Config: 3 and False and 1000000
Result: (0.5430091, 1.5012262, 0.0021645021645021645)
0.0003894895315170288