Config: 2 and conspiratorial and False and 1000000
Result: (-0.0027610958, -0.010797542, 0.5076146076146076)
0.002418202559153239