Config: 1 and sentiment and False and 1000000
Result: (0.62361574, 1.2641466, 0.0021379549243326335)
0.05028558764192793