Config: 1 and conspiratorial and False and 1000000
Result: (0.39669764, 0.8777104, 0.020190464849907573)
0.13718699243333607