Config: 6 and False and 1000000
Result: (0.43513072, 0.84565294, 0.041814068284656516)
0.030058475865258113