Config: 4 and racist and False and 1000000
Result: (0.12233114, 0.45318523, 0.20046620046620048)
0.00246054470539093