Config: 2 and sentiment and False and 1000000
Result: (-0.004406363, -0.013610012, 0.5115666067678452)
0.039908528327941895