Config: 3 and sentiment and False and 1000000
Result: (0.38256285, 1.3046598, 0.00016237632336703545)
0.03907483683692084