Config: 2 and sentiment and False and 1000000
Result: (0.08521554, 0.2553419, 0.2946480763818225)
0.03747142665916019