Config: 2 and False and 1000000
Result: (0.094105668, 0.38476983, 0.2792207792207792)
0.0005722757180531819