Config: 3 and economic and False and 1000000
Result: (0.35063672, 1.1574131, 0.004411223451471129)
0.03073161456320021