Config: 1 and racist and False and 1000000
Result: (0.74254835, 1.3863709, 0.0018648018648018648)
0.004137340717845493