Config: 4 and patriotism and False and 1000000
Result: (0.032840043, 0.0969007, 0.41871441252246205)
0.03829450501335992